musicId
4
7
8
11
13
14
15
16
18
29
30
31
47
60
63
64
65
76
81
84
91
94
97
99
103
104
118
132
134
137
138
143
165
187
188
191
198
206
213
226
231
241
258
276
282
296
300
302
312
315
316
317
318
320
321
323
326
343
358
373
376
384
386
394
402
409
411
412
417
419
423
437
438
444
445
452
458
476
479
480
481
482
486
489
490
495
499
519
521
522
523
524
525
530
534
541
544
546
552
576
577
578
582
583
584
594
595
616
617
623
624
638
644
653
668
674
675
684
688
699
700
704
710
716
728
729
741
742
746
758
769
789
792
794
797
798
799
806
810
824
825
837
842
854
859
860
863
871
879
880
882
897
905
908
909
916
922
959
962
971
973
978
980
981
989
992
997
999
1000
